SR_7ij80_0ib,SR_7ij80_1ib,SR_7ij80_2ib,SR_8ij50_0ib,SR_8ij50_1ib,SR_8ij50_2ib,SR_8ij50_MJ340,SR_8ij50_MJ500,SR_8ij80_0ib,SR_8ij80_1ib,SR_8ij80_2ib,SR_9ij50_0ib,SR_9ij50_1ib,SR_9ij50_2ib,SR_9ij50_MJ340,SR_9ij50_MJ500,Btagged,Btagged_m125,Btagged_m675,Btagged_m700,Btagged_m725,Btagged_m750,Inclusive,Inclusive_m1000,Inclusive_m1125,Inclusive_m125,Inclusive_m300,Inclusive_m350,Inclusive_m400,Inclusive_m425,Inclusive_m675,Inclusive_m700,Inclusive_m725,Inclusive_m750,Inclusive_m80,Inclusive_m90
6.9373325407505035,2.2315496504306793,2.2315496504306793,3.638312667608261,1.2699825167655945,1.2699825167655945,2.4177736341953278,1.290855199098587,0.43309447169303894,0.43309447169303894,0.43309447169303894,0.8639391958713531,0.8639391958713531,0.8639391958713531,0.43309447169303894,0.43309447169303894,0.43309447169303894,0.0,0.43309447169303894,0.43309447169303894,0.43309447169303894,0.43309447169303894,0.43309447169303894,0.0,0.0,0.0,0.0,0.0,0.0,0.0,0.43309447169303894,0.43309447169303894,0.43309447169303894,0.43309447169303894,0.0,0.0
2.2315496504306793,2.2315496504306793,2.2315496504306793,1.2699825167655945,1.2699825167655945,1.2699825167655945,0.8391377925872803,0.8391377925872803,0.43309447169303894,0.43309447169303894,0.43309447169303894,0.8639391958713531,0.8639391958713531,0.8639391958713531,0.43309447169303894,0.43309447169303894,0.43309447169303894,0.0,0.43309447169303894,0.43309447169303894,0.43309447169303894,0.43309447169303894,0.43309447169303894,0.0,0.0,0.0,0.0,0.0,0.0,0.0,0.43309447169303894,0.43309447169303894,0.43309447169303894,0.43309447169303894,0.0,0.0
2.2315496504306793,2.2315496504306793,2.2315496504306793,1.2699825167655945,1.2699825167655945,1.2699825167655945,0.8391377925872803,0.8391377925872803,0.43309447169303894,0.43309447169303894,0.43309447169303894,0.8639391958713531,0.8639391958713531,0.8639391958713531,0.43309447169303894,0.43309447169303894,0.43309447169303894,0.0,0.43309447169303894,0.43309447169303894,0.43309447169303894,0.43309447169303894,0.43309447169303894,0.0,0.0,0.0,0.0,0.0,0.0,0.0,0.43309447169303894,0.43309447169303894,0.43309447169303894,0.43309447169303894,0.0,0.0
3.638312667608261,1.2699825167655945,1.2699825167655945,11.085444897413254,5.067119270563126,3.5602771937847137,4.667961776256561,1.7086825668811798,0.43309447169303894,0.43309447169303894,0.43309447169303894,1.2917271256446838,0.8639391958713531,0.8639391958713531,0.8608824014663696,0.43309447169303894,0.43309447169303894,0.0,0.43309447169303894,0.43309447169303894,0.43309447169303894,0.43309447169303894,0.43309447169303894,0.0,0.0,0.0,0.0,0.0,0.0,0.0,0.43309447169303894,0.43309447169303894,0.43309447169303894,0.43309447169303894,0.0,0.0
1.2699825167655945,1.2699825167655945,1.2699825167655945,5.067119270563126,5.067119270563126,3.5602771937847137,1.7571884393692017,1.256965160369873,0.43309447169303894,0.43309447169303894,0.43309447169303894,0.8639391958713531,0.8639391958713531,0.8639391958713531,0.43309447169303894,0.43309447169303894,0.43309447169303894,0.0,0.43309447169303894,0.43309447169303894,0.43309447169303894,0.43309447169303894,0.43309447169303894,0.0,0.0,0.0,0.0,0.0,0.0,0.0,0.43309447169303894,0.43309447169303894,0.43309447169303894,0.43309447169303894,0.0,0.0
1.2699825167655945,1.2699825167655945,1.2699825167655945,3.5602771937847137,3.5602771937847137,3.5602771937847137,1.256965160369873,1.256965160369873,0.43309447169303894,0.43309447169303894,0.43309447169303894,0.8639391958713531,0.8639391958713531,0.8639391958713531,0.43309447169303894,0.43309447169303894,0.43309447169303894,0.0,0.43309447169303894,0.43309447169303894,0.43309447169303894,0.43309447169303894,0.43309447169303894,0.0,0.0,0.0,0.0,0.0,0.0,0.0,0.43309447169303894,0.43309447169303894,0.43309447169303894,0.43309447169303894,0.0,0.0
2.4177736341953278,0.8391377925872803,0.8391377925872803,4.667961776256561,1.7571884393692017,1.256965160369873,4.667961776256561,1.7086825668811798,0.43309447169303894,0.43309447169303894,0.43309447169303894,0.8608824014663696,0.43309447169303894,0.43309447169303894,0.8608824014663696,0.43309447169303894,0.43309447169303894,0.0,0.43309447169303894,0.43309447169303894,0.43309447169303894,0.43309447169303894,0.43309447169303894,0.0,0.0,0.0,0.0,0.0,0.0,0.0,0.43309447169303894,0.43309447169303894,0.43309447169303894,0.43309447169303894,0.0,0.0
1.290855199098587,0.8391377925872803,0.8391377925872803,1.7086825668811798,1.256965160369873,1.256965160369873,1.7086825668811798,1.7086825668811798,0.43309447169303894,0.43309447169303894,0.43309447169303894,0.43309447169303894,0.43309447169303894,0.43309447169303894,0.43309447169303894,0.43309447169303894,0.43309447169303894,0.0,0.43309447169303894,0.43309447169303894,0.43309447169303894,0.43309447169303894,0.43309447169303894,0.0,0.0,0.0,0.0,0.0,0.0,0.0,0.43309447169303894,0.43309447169303894,0.43309447169303894,0.43309447169303894,0.0,0.0
0.43309447169303894,0.43309447169303894,0.43309447169303894,0.43309447169303894,0.43309447169303894,0.43309447169303894,0.43309447169303894,0.43309447169303894,0.43309447169303894,0.43309447169303894,0.43309447169303894,0.43309447169303894,0.43309447169303894,0.43309447169303894,0.43309447169303894,0.43309447169303894,0.43309447169303894,0.0,0.43309447169303894,0.43309447169303894,0.43309447169303894,0.43309447169303894,0.43309447169303894,0.0,0.0,0.0,0.0,0.0,0.0,0.0,0.43309447169303894,0.43309447169303894,0.43309447169303894,0.43309447169303894,0.0,0.0
0.43309447169303894,0.43309447169303894,0.43309447169303894,0.43309447169303894,0.43309447169303894,0.43309447169303894,0.43309447169303894,0.43309447169303894,0.43309447169303894,0.43309447169303894,0.43309447169303894,0.43309447169303894,0.43309447169303894,0.43309447169303894,0.43309447169303894,0.43309447169303894,0.43309447169303894,0.0,0.43309447169303894,0.43309447169303894,0.43309447169303894,0.43309447169303894,0.43309447169303894,0.0,0.0,0.0,0.0,0.0,0.0,0.0,0.43309447169303894,0.43309447169303894,0.43309447169303894,0.43309447169303894,0.0,0.0
0.43309447169303894,0.43309447169303894,0.43309447169303894,0.43309447169303894,0.43309447169303894,0.43309447169303894,0.43309447169303894,0.43309447169303894,0.43309447169303894,0.43309447169303894,0.43309447169303894,0.43309447169303894,0.43309447169303894,0.43309447169303894,0.43309447169303894,0.43309447169303894,0.43309447169303894,0.0,0.43309447169303894,0.43309447169303894,0.43309447169303894,0.43309447169303894,0.43309447169303894,0.0,0.0,0.0,0.0,0.0,0.0,0.0,0.43309447169303894,0.43309447169303894,0.43309447169303894,0.43309447169303894,0.0,0.0
0.8639391958713531,0.8639391958713531,0.8639391958713531,1.2917271256446838,0.8639391958713531,0.8639391958713531,0.8608824014663696,0.43309447169303894,0.43309447169303894,0.43309447169303894,0.43309447169303894,1.2917271256446838,0.8639391958713531,0.8639391958713531,0.8608824014663696,0.43309447169303894,0.43309447169303894,0.0,0.43309447169303894,0.43309447169303894,0.43309447169303894,0.43309447169303894,0.43309447169303894,0.0,0.0,0.0,0.0,0.0,0.0,0.0,0.43309447169303894,0.43309447169303894,0.43309447169303894,0.43309447169303894,0.0,0.0
0.8639391958713531,0.8639391958713531,0.8639391958713531,0.8639391958713531,0.8639391958713531,0.8639391958713531,0.43309447169303894,0.43309447169303894,0.43309447169303894,0.43309447169303894,0.43309447169303894,0.8639391958713531,0.8639391958713531,0.8639391958713531,0.43309447169303894,0.43309447169303894,0.43309447169303894,0.0,0.43309447169303894,0.43309447169303894,0.43309447169303894,0.43309447169303894,0.43309447169303894,0.0,0.0,0.0,0.0,0.0,0.0,0.0,0.43309447169303894,0.43309447169303894,0.43309447169303894,0.43309447169303894,0.0,0.0
0.8639391958713531,0.8639391958713531,0.8639391958713531,0.8639391958713531,0.8639391958713531,0.8639391958713531,0.43309447169303894,0.43309447169303894,0.43309447169303894,0.43309447169303894,0.43309447169303894,0.8639391958713531,0.8639391958713531,0.8639391958713531,0.43309447169303894,0.43309447169303894,0.43309447169303894,0.0,0.43309447169303894,0.43309447169303894,0.43309447169303894,0.43309447169303894,0.43309447169303894,0.0,0.0,0.0,0.0,0.0,0.0,0.0,0.43309447169303894,0.43309447169303894,0.43309447169303894,0.43309447169303894,0.0,0.0
0.43309447169303894,0.43309447169303894,0.43309447169303894,0.8608824014663696,0.43309447169303894,0.43309447169303894,0.8608824014663696,0.43309447169303894,0.43309447169303894,0.43309447169303894,0.43309447169303894,0.8608824014663696,0.43309447169303894,0.43309447169303894,0.8608824014663696,0.43309447169303894,0.43309447169303894,0.0,0.43309447169303894,0.43309447169303894,0.43309447169303894,0.43309447169303894,0.43309447169303894,0.0,0.0,0.0,0.0,0.0,0.0,0.0,0.43309447169303894,0.43309447169303894,0.43309447169303894,0.43309447169303894,0.0,0.0
0.43309447169303894,0.43309447169303894,0.43309447169303894,0.43309447169303894,0.43309447169303894,0.43309447169303894,0.43309447169303894,0.43309447169303894,0.43309447169303894,0.43309447169303894,0.43309447169303894,0.43309447169303894,0.43309447169303894,0.43309447169303894,0.43309447169303894,0.43309447169303894,0.43309447169303894,0.0,0.43309447169303894,0.43309447169303894,0.43309447169303894,0.43309447169303894,0.43309447169303894,0.0,0.0,0.0,0.0,0.0,0.0,0.0,0.43309447169303894,0.43309447169303894,0.43309447169303894,0.43309447169303894,0.0,0.0
0.43309447169303894,0.43309447169303894,0.43309447169303894,0.43309447169303894,0.43309447169303894,0.43309447169303894,0.43309447169303894,0.43309447169303894,0.43309447169303894,0.43309447169303894,0.43309447169303894,0.43309447169303894,0.43309447169303894,0.43309447169303894,0.43309447169303894,0.43309447169303894,1.4784847795963287,1.0453903079032898,0.43309447169303894,0.43309447169303894,0.43309447169303894,0.43309447169303894,1.4784847795963287,0.0,0.0,1.0453903079032898,0.0,0.0,0.0,0.0,0.43309447169303894,0.43309447169303894,0.43309447169303894,0.43309447169303894,0.0,0.0
0.0,0.0,0.0,0.0,0.0,0.0,0.0,0.0,0.0,0.0,0.0,0.0,0.0,0.0,0.0,0.0,1.0453903079032898,1.0453903079032898,0.0,0.0,0.0,0.0,1.0453903079032898,0.0,0.0,1.0453903079032898,0.0,0.0,0.0,0.0,0.0,0.0,0.0,0.0,0.0,0.0
0.43309447169303894,0.43309447169303894,0.43309447169303894,0.43309447169303894,0.43309447169303894,0.43309447169303894,0.43309447169303894,0.43309447169303894,0.43309447169303894,0.43309447169303894,0.43309447169303894,0.43309447169303894,0.43309447169303894,0.43309447169303894,0.43309447169303894,0.43309447169303894,0.43309447169303894,0.0,0.43309447169303894,0.43309447169303894,0.43309447169303894,0.43309447169303894,0.43309447169303894,0.0,0.0,0.0,0.0,0.0,0.0,0.0,0.43309447169303894,0.43309447169303894,0.43309447169303894,0.43309447169303894,0.0,0.0
0.43309447169303894,0.43309447169303894,0.43309447169303894,0.43309447169303894,0.43309447169303894,0.43309447169303894,0.43309447169303894,0.43309447169303894,0.43309447169303894,0.43309447169303894,0.43309447169303894,0.43309447169303894,0.43309447169303894,0.43309447169303894,0.43309447169303894,0.43309447169303894,0.43309447169303894,0.0,0.43309447169303894,0.43309447169303894,0.43309447169303894,0.43309447169303894,0.43309447169303894,0.0,0.0,0.0,0.0,0.0,0.0,0.0,0.43309447169303894,0.43309447169303894,0.43309447169303894,0.43309447169303894,0.0,0.0
0.43309447169303894,0.43309447169303894,0.43309447169303894,0.43309447169303894,0.43309447169303894,0.43309447169303894,0.43309447169303894,0.43309447169303894,0.43309447169303894,0.43309447169303894,0.43309447169303894,0.43309447169303894,0.43309447169303894,0.43309447169303894,0.43309447169303894,0.43309447169303894,0.43309447169303894,0.0,0.43309447169303894,0.43309447169303894,0.43309447169303894,0.43309447169303894,0.43309447169303894,0.0,0.0,0.0,0.0,0.0,0.0,0.0,0.43309447169303894,0.43309447169303894,0.43309447169303894,0.43309447169303894,0.0,0.0
0.43309447169303894,0.43309447169303894,0.43309447169303894,0.43309447169303894,0.43309447169303894,0.43309447169303894,0.43309447169303894,0.43309447169303894,0.43309447169303894,0.43309447169303894,0.43309447169303894,0.43309447169303894,0.43309447169303894,0.43309447169303894,0.43309447169303894,0.43309447169303894,0.43309447169303894,0.0,0.43309447169303894,0.43309447169303894,0.43309447169303894,0.43309447169303894,0.43309447169303894,0.0,0.0,0.0,0.0,0.0,0.0,0.0,0.43309447169303894,0.43309447169303894,0.43309447169303894,0.43309447169303894,0.0,0.0
0.43309447169303894,0.43309447169303894,0.43309447169303894,0.43309447169303894,0.43309447169303894,0.43309447169303894,0.43309447169303894,0.43309447169303894,0.43309447169303894,0.43309447169303894,0.43309447169303894,0.43309447169303894,0.43309447169303894,0.43309447169303894,0.43309447169303894,0.43309447169303894,1.4784847795963287,1.0453903079032898,0.43309447169303894,0.43309447169303894,0.43309447169303894,0.43309447169303894,15.266295492649078,0.47898033261299133,0.47898033261299133,3.7710092663764954,1.0322985649108887,0.5863214731216431,0.4319802522659302,0.4319802522659302,0.43309447169303894,0.43309447169303894,0.43309447169303894,0.43309447169303894,5.598165422677994,2.372902363538742
0.0,0.0,0.0,0.0,0.0,0.0,0.0,0.0,0.0,0.0,0.0,0.0,0.0,0.0,0.0,0.0,0.0,0.0,0.0,0.0,0.0,0.0,0.47898033261299133,0.47898033261299133,0.47898033261299133,0.0,0.0,0.0,0.0,0.0,0.0,0.0,0.0,0.0,0.0,0.0
0.0,0.0,0.0,0.0,0.0,0.0,0.0,0.0,0.0,0.0,0.0,0.0,0.0,0.0,0.0,0.0,0.0,0.0,0.0,0.0,0.0,0.0,0.47898033261299133,0.47898033261299133,0.47898033261299133,0.0,0.0,0.0,0.0,0.0,0.0,0.0,0.0,0.0,0.0,0.0
0.0,0.0,0.0,0.0,0.0,0.0,0.0,0.0,0.0,0.0,0.0,0.0,0.0,0.0,0.0,0.0,1.0453903079032898,1.0453903079032898,0.0,0.0,0.0,0.0,3.7710092663764954,0.0,0.0,3.7710092663764954,0.0,0.0,0.0,0.0,0.0,0.0,0.0,0.0,0.0,0.0
0.0,0.0,0.0,0.0,0.0,0.0,0.0,0.0,0.0,0.0,0.0,0.0,0.0,0.0,0.0,0.0,0.0,0.0,0.0,0.0,0.0,0.0,1.0322985649108887,0.0,0.0,0.0,1.0322985649108887,0.0,0.0,0.0,0.0,0.0,0.0,0.0,0.0,0.0
0.0,0.0,0.0,0.0,0.0,0.0,0.0,0.0,0.0,0.0,0.0,0.0,0.0,0.0,0.0,0.0,0.0,0.0,0.0,0.0,0.0,0.0,0.5863214731216431,0.0,0.0,0.0,0.0,0.5863214731216431,0.0,0.0,0.0,0.0,0.0,0.0,0.0,0.0
0.0,0.0,0.0,0.0,0.0,0.0,0.0,0.0,0.0,0.0,0.0,0.0,0.0,0.0,0.0,0.0,0.0,0.0,0.0,0.0,0.0,0.0,0.4319802522659302,0.0,0.0,0.0,0.0,0.0,0.4319802522659302,0.4319802522659302,0.0,0.0,0.0,0.0,0.0,0.0
0.0,0.0,0.0,0.0,0.0,0.0,0.0,0.0,0.0,0.0,0.0,0.0,0.0,0.0,0.0,0.0,0.0,0.0,0.0,0.0,0.0,0.0,0.4319802522659302,0.0,0.0,0.0,0.0,0.0,0.4319802522659302,0.4319802522659302,0.0,0.0,0.0,0.0,0.0,0.0
0.43309447169303894,0.43309447169303894,0.43309447169303894,0.43309447169303894,0.43309447169303894,0.43309447169303894,0.43309447169303894,0.43309447169303894,0.43309447169303894,0.43309447169303894,0.43309447169303894,0.43309447169303894,0.43309447169303894,0.43309447169303894,0.43309447169303894,0.43309447169303894,0.43309447169303894,0.0,0.43309447169303894,0.43309447169303894,0.43309447169303894,0.43309447169303894,0.43309447169303894,0.0,0.0,0.0,0.0,0.0,0.0,0.0,0.43309447169303894,0.43309447169303894,0.43309447169303894,0.43309447169303894,0.0,0.0
0.43309447169303894,0.43309447169303894,0.43309447169303894,0.43309447169303894,0.43309447169303894,0.43309447169303894,0.43309447169303894,0.43309447169303894,0.43309447169303894,0.43309447169303894,0.43309447169303894,0.43309447169303894,0.43309447169303894,0.43309447169303894,0.43309447169303894,0.43309447169303894,0.43309447169303894,0.0,0.43309447169303894,0.43309447169303894,0.43309447169303894,0.43309447169303894,0.43309447169303894,0.0,0.0,0.0,0.0,0.0,0.0,0.0,0.43309447169303894,0.43309447169303894,0.43309447169303894,0.43309447169303894,0.0,0.0
0.43309447169303894,0.43309447169303894,0.43309447169303894,0.43309447169303894,0.43309447169303894,0.43309447169303894,0.43309447169303894,0.43309447169303894,0.43309447169303894,0.43309447169303894,0.43309447169303894,0.43309447169303894,0.43309447169303894,0.43309447169303894,0.43309447169303894,0.43309447169303894,0.43309447169303894,0.0,0.43309447169303894,0.43309447169303894,0.43309447169303894,0.43309447169303894,0.43309447169303894,0.0,0.0,0.0,0.0,0.0,0.0,0.0,0.43309447169303894,0.43309447169303894,0.43309447169303894,0.43309447169303894,0.0,0.0
0.43309447169303894,0.43309447169303894,0.43309447169303894,0.43309447169303894,0.43309447169303894,0.43309447169303894,0.43309447169303894,0.43309447169303894,0.43309447169303894,0.43309447169303894,0.43309447169303894,0.43309447169303894,0.43309447169303894,0.43309447169303894,0.43309447169303894,0.43309447169303894,0.43309447169303894,0.0,0.43309447169303894,0.43309447169303894,0.43309447169303894,0.43309447169303894,0.43309447169303894,0.0,0.0,0.0,0.0,0.0,0.0,0.0,0.43309447169303894,0.43309447169303894,0.43309447169303894,0.43309447169303894,0.0,0.0
0.0,0.0,0.0,0.0,0.0,0.0,0.0,0.0,0.0,0.0,0.0,0.0,0.0,0.0,0.0,0.0,0.0,0.0,0.0,0.0,0.0,0.0,5.598165422677994,0.0,0.0,0.0,0.0,0.0,0.0,0.0,0.0,0.0,0.0,0.0,5.598165422677994,0.0
0.0,0.0,0.0,0.0,0.0,0.0,0.0,0.0,0.0,0.0,0.0,0.0,0.0,0.0,0.0,0.0,0.0,0.0,0.0,0.0,0.0,0.0,2.372902363538742,0.0,0.0,0.0,0.0,0.0,0.0,0.0,0.0,0.0,0.0,0.0,0.0,2.372902363538742
